user_id,p_action,post,reply,retweet
1004299140,0.0,0.539179104477612,0.16633935585231735,0.2944815396700707
1006001625075417088,0.0,0.5647058823529412,0.3,0.13529411764705881
1006483690891988993,0.0,0.3407202216066482,0.31024930747922436,0.3490304709141274
1032909945308626944,0.0,0.8472906403940886,0.07635467980295567,0.07635467980295567
1032911853750550529,0.0,0.8941605839416058,0.030656934306569343,0.07518248175182482
1075399236039131137,0.0,0.7539298669891172,0.06348246674727932,0.1825876662636034
1101377100320247809,0.0,0.5737704918032787,0.08196721311475409,0.3442622950819672
1173593217729736705,0.0,0.9324675324675324,0.03636363636363636,0.03116883116883117
1180461781,0.0,0.8282208588957055,0.08106923751095531,0.09070990359333918
119028698,0.0,0.5356408498971899,0.3827964359150103,0.08156271418779987
1209846456808402944,0.0,0.6736711990111248,0.08281829419035847,0.24351050679851668
1213164353236504576,0.0,0.3847936949466852,0.2957811775614279,0.3194251274918869
1218193352,0.0,0.870837297811608,0.035204567078972404,0.0939581351094196
1223481762157944833,0.0,0.8488888888888889,0.057777777777777775,0.09333333333333334
1223805462,0.0,0.8281653746770026,0.044896640826873384,0.12693798449612403
1228174242,0.0,0.8993993993993994,0.042942942942942944,0.05765765765765766
1239698064,0.0,0.9005113221329437,0.02089116143170197,0.07859751643535427
1240007161,0.0,0.5239472197294512,0.265895569515073,0.21015721075547578
1240869390,0.0,0.9197874493927125,0.039220647773279355,0.040991902834008095
1314765889494044673,0.0,0.055870445344129556,0.8072874493927126,0.1368421052631579
1443766015,0.0,0.55427114163921,0.2603637311293535,0.1853651272314365
1497280638,0.0,0.5121834687052078,0.010033444816053512,0.47778308647873863
1500831656,0.0,0.40580985915492956,0.05193661971830986,0.5422535211267606
1504356343,0.0,0.34444444444444444,0.049494949494949494,0.6060606060606061
1510488662,0.0,0.1139445456385347,0.01861971260878365,0.8674357417526817
1512371617,0.0,0.49353912419239054,0.014357501794687724,0.49210337401292176
1513801268,0.0,0.13080511052524843,0.008923139322652606,0.860271750152099
1517678892,0.0,0.06706000863433588,0.00705137429846021,0.9258886170672039
1518857420,0.0,0.14863636363636365,0.006818181818181818,0.8445454545454546
1524411140,0.0,0.5972812234494478,0.07306711979609176,0.3296516567544605
1525642765,0.0,0.07933429268597886,0.22136019520740788,0.6993055121066133
1527133837,0.0,0.36626916524701875,0.05110732538330494,0.5826235093696763
1527687456,0.0,0.8937093275488069,0.049891540130151846,0.05639913232104121
1532157468,0.0,0.42636289666395444,0.014646053702196907,0.5589910496338486
1532863891,0.0,0.4050885507607882,0.003492142678972312,0.5914193065602394
1533813962,0.0,0.10987137765380443,0.004649000464900047,0.8854796218812955
1534083420,0.0,0.19913419913419914,0.12445887445887446,0.6764069264069265
1584279696,0.0,0.17819590481460984,0.009131156613171001,0.8126729385722191
1594887416,0.0,0.13909520594193112,0.00911546252532073,0.8517893315327482
1612106972,0.0,0.1065784638000735,0.005145167217934583,0.8882763689819919
1617939218,0.0,0.12407211028632026,0.012937433722163308,0.8629904559915165
1620474397,0.0,0.1085991971265582,0.017959011197971688,0.8734417916754701
1620750968,0.0,0.632768361581921,0.04331450094161959,0.3239171374764595
1620983264,0.0,0.49116279069767443,0.06046511627906977,0.4483720930232558
1621376306,0.0,0.09417748158540863,0.0028060329708874078,0.9030164854437039
1622690647,0.0,0.10760667903525047,0.00816326530612245,0.8842300556586271
1623062953,0.0,0.29544072948328265,0.01094224924012158,0.6936170212765957
1626302035,0.0,0.42752740560292324,0.02253349573690621,0.5499390986601705
1627096807,0.0,0.05585774058577406,0.0042887029288702925,0.9398535564853556
1627699074,0.0,0.04282737865576047,0.0029323250250790954,0.9542402963191604
1629087134,0.0,0.928436911487759,0.02071563088512241,0.05084745762711865
1629828379,0.0,0.13405610049905353,0.008260196179659268,0.8576837033212872
1630766899,0.0,0.3218645948945616,0.049944506104328525,0.6281908990011099
1631358655,0.0,0.09457364341085271,0.006201550387596899,0.8992248062015504
1632463650,0.0,0.20570342205323194,0.009125475285171103,0.785171102661597
1645969141,0.0,0.2707852193995381,0.023094688221709007,0.7061200923787528
1646340175,0.0,0.7205240174672489,0.050946142649199416,0.22852983988355166
1647045721,0.0,0.2234068330506421,0.013569178580082384,0.7630239883692755
1647199298,0.0,0.8583977512297962,0.014406184118060435,0.12719606465214336
1647237457,0.0,0.5187793427230047,0.06807511737089202,0.4131455399061033
1647277573,0.0,0.44939887383959826,0.003195860599604322,0.5474052655607975
1647311652,0.0,0.12867956265769553,0.011354079058031959,0.8599663582842725
1647345536,0.0,0.4364754098360656,0.045081967213114756,0.5184426229508197
1647400878,0.0,0.35141800246609123,0.029593094944512947,0.6189889025893958
1647521089,0.0,0.19359949302915083,0.007921419518377694,0.7984790874524715
1647526190,0.0,0.21203228173147468,0.013695280019564686,0.7742724382489606
1647547494,0.0,0.709731543624161,0.02181208053691275,0.2684563758389262
1647637538,0.0,0.39014251781472686,0.01840855106888361,0.5914489311163895
1647664118,0.0,0.0960960960960961,0.0075075075075075074,0.8963963963963963
1647755606,0.0,0.15327731092436975,0.010420168067226891,0.8363025210084034
1647824072,0.0,0.7986206896551724,0.01793103448275862,0.18344827586206897
1647903025,0.0,0.1809428950863214,0.010624169986719787,0.8084329349269588
1647960109,0.0,0.6594827586206896,0.05603448275862069,0.28448275862068967
1648012021,0.0,0.15169862092162797,0.012781701984527414,0.8355196770938446
1648078074,0.0,0.5595667870036101,0.04693140794223827,0.3935018050541516
1648127630,0.0,0.534377070907886,0.002567925778661365,0.4630550033134526
1648136179,0.0,0.6607695451626088,0.0028025923979681207,0.33642786243942313
1649144358,0.0,0.3283516483516484,0.00967032967032967,0.661978021978022
1649367912,0.0,0.7412882787750792,0.01689545934530095,0.24181626187961985
1649487510,0.0,0.23563664596273293,0.037267080745341616,0.7270962732919255
1649652192,0.0,0.355359765051395,0.07195301027900147,0.5726872246696035
1649719753,0.0,0.5183917878528657,0.06501283147989735,0.41659538066723695
1649759431,0.0,0.7971163748712667,0.013388259526261586,0.18949536560247168
1649967228,0.0,0.18047799865981684,0.008487826669644852,0.8110341746705383
1650310652,0.0,0.29498415066194295,0.003729256013425322,0.7012865933246317
1650681522,0.0,0.35790293277965224,0.0027251492343628343,0.6393719179859849
1651692980,0.0,0.08823091801815205,0.007290581758666865,0.9044785002231811
1651693646,0.0,0.09954128440366973,0.008027522935779817,0.8924311926605505
1652138929,0.0,0.07966605348804302,0.015140795245507287,0.9051931512664497
1652262638,0.0,0.045834367502275174,0.003226607098535617,0.9509390253991892
1652480412,0.0,0.9019189765458422,0.023454157782515993,0.07462686567164178
1652560098,0.0,0.3695150115473441,0.02424942263279446,0.6062355658198614
1652987412,0.0,0.0710838528051478,0.004021717273275689,0.9248944299215766
1653393446,0.0,0.2533818938605619,0.016129032258064516,0.7304890738813735
1653553555,0.0,0.12075692547795552,0.016582130316035896,0.8626609442060086
1654347974,0.0,0.11769715551013456,0.01362629875660024,0.8686765457332652
1654695517,0.0,0.07472868217054264,0.013333333333333334,0.9119379844961241
1655194147,0.0,0.09650280435499835,0.0186407126360937,0.884856483008908
1655206933,0.0,0.4192495921696574,0.01631321370309951,0.564437194127243
1655288160,0.0,0.34684684684684686,0.010510510510510511,0.6426426426426426
1655815544,0.0,0.06639381537062301,0.011482492041837199,0.9221236925875398
1656024374,0.0,0.12905048982667672,0.02091183119819141,0.8500376789751318
1656685598,0.0,0.2235176548967355,0.011325782811459028,0.7651565622918055
1657021783,0.0,0.7861842105263158,0.013157894736842105,0.20065789473684212
1657753759,0.0,0.2809450436569081,0.01335387776065742,0.7057010785824345
1657833811,0.0,0.5332987820678933,0.011401917595231926,0.4552993003368748
1657987140,0.0,0.49633699633699635,0.038461538461538464,0.4652014652014652
1658202894,0.0,0.15466841186736474,0.006544502617801047,0.8387870855148342
1658420976,0.0,0.08503218884120171,0.013143776824034335,0.901824034334764
1658440730,0.0,0.16199677938808374,0.020611916264090178,0.8173913043478261
1658533507,0.0,0.5714285714285714,0.13333333333333333,0.29523809523809524
1659549972,0.0,0.18048024786986833,0.009295120061967466,0.8102246320681642
1659753702,0.0,0.17328793038214152,0.00510783200908059,0.8216042376087779
1660183028,0.0,0.3663477771525042,0.038266741699493526,0.5953854811480023
1660186831,0.0,0.27113010446343777,0.01899335232668566,0.7098765432098766
1660375034,0.0,0.12475675675675675,0.011027027027027026,0.8642162162162162
1660771422,0.0,0.1601923076923077,0.005192307692307692,0.8346153846153846
1660804459,0.0,0.2935303514376997,0.014776357827476038,0.6916932907348243
1661165312,0.0,0.8494031221303948,0.014692378328741965,0.13590449954086317
1661166252,0.0,0.5560859188544153,0.026252983293556086,0.41766109785202865
1661246144,0.0,0.1263958569347791,0.004207800614986244,0.8693963424502347
1661254026,0.0,0.8165289256198347,0.019834710743801654,0.16363636363636364
1662453998,0.0,0.07664018829067373,0.005148573109738159,0.9182112385995881
1662779209,0.0,0.12488591420748403,0.0056282324307879526,0.869485853361728
1663407794,0.0,0.5102575294631165,0.023134002618943692,0.46660846791793975
1663583694,0.0,0.2711487088156723,0.009795191451469279,0.7190560997328584
1664241739,0.0,0.45348837209302323,0.03239202657807309,0.5141196013289037
1664988493,0.0,0.4536367503190132,0.007443641003828158,0.5389196086771586
1665377383,0.0,0.1819484240687679,0.030659025787965616,0.7873925501432665
1666030405,0.0,0.11078546307151231,0.011723329425556858,0.8774912075029309
1667487494,0.0,0.4209968186638388,0.02863202545068929,0.5503711558854719
1668025357,0.0,0.40378006872852235,0.08419243986254296,0.5120274914089347
1668307436,0.0,0.34085051546391754,0.0032216494845360823,0.6559278350515464
1668314575,0.0,0.21157167530224524,0.03626943005181347,0.7521588946459413
1669574551,0.0,0.28073510773130544,0.0076045627376425855,0.711660329531052
1670149272,0.0,0.07232425585813806,0.006333122229259025,0.921342621912603
1670318690,0.0,0.198326943185779,0.013593586615545486,0.7880794701986755
1670762347,0.0,0.263901147396293,0.017210944395410415,0.7188879082082965
1670839033,0.0,0.3455056179775281,0.007150153217568948,0.6473442288049029
1671234620,0.0,0.06039883065358112,0.0009918563374399665,0.9386093130089789
1671936266,0.0,0.04069070269406028,0.0012790790630745864,0.9580302182428652
1672624255,0.0,0.05460401112575026,0.004977309325135412,0.9404186795491143
1673166168,0.0,0.5841392649903289,0.029013539651837523,0.38684719535783363
1674083671,0.0,0.268250909869407,0.005780346820809248,0.7259687433097838
1674098827,0.0,0.41364421416234887,0.04145077720207254,0.5449050086355786
1675280893,0.0,0.08051984743607854,0.0052267269388331684,0.9142534256250883
1676377446,0.0,0.07139143995841275,0.01975394212441518,0.908854617917172
1676481360,0.0,0.15638841567291312,0.006132879045996593,0.8374787052810903
1676581831,0.0,0.10876803551609324,0.008139104698483167,0.8830928597854236
1677048979,0.0,0.0945945945945946,0.013658820110433014,0.8917465852949724
1677511772,0.0,0.6301633045148896,0.024015369836695485,0.345821325648415
1677582914,0.0,0.7604070305272895,0.022201665124884366,0.21739130434782608
1678552327,0.0,0.2533783783783784,0.05363175675675676,0.6929898648648649
1679279490,0.0,0.023421184805308096,0.0012953025456660233,0.9752835126490259
1680349964,0.0,0.5994623655913979,0.04032258064516129,0.3602150537634409
1680366068,0.0,0.09365504915102771,0.00875781948168007,0.8975871313672922
1680578719,0.0,0.18935837245696402,0.03247261345852895,0.778169014084507
1680848678,0.0,0.6471337579617834,0.030573248407643312,0.32229299363057323
1681162956,0.0,0.04420308158625916,0.006314725940894165,0.9494821924728467
1681425248,0.0,0.19925671812464266,0.009433962264150943,0.7913093196112064
1682412506,0.0,0.5340572556762093,0.01579466929911155,0.4501480750246792
1682416292,0.0,0.42589703588143524,0.0249609984399376,0.5491419656786272
1682444790,0.0,0.08625288991641472,0.003912502223012627,0.9098346078605727
1683408074,0.0,0.3416464891041162,0.004842615012106538,0.6535108958837772
1683608846,0.0,0.06804597701149426,0.014865900383141763,0.917088122605364
1684524144,0.0,0.06560490940970193,0.007890122735242549,0.9265049678550555
1685173321,0.0,0.06803502224773934,0.005884885890627242,0.9260800918616334
1685229229,0.0,0.3459563543003851,0.013478818998716302,0.6405648267008985
1685718216,0.0,0.10086080883547183,0.00324833522819555,0.8958908559363327
1685771767,0.0,0.09275253473526099,0.00976342470897484,0.8974840405557641
1686370159,0.0,0.29911816578483247,0.013756613756613757,0.6871252204585538
1686881509,0.0,0.23306320907617503,0.013290113452188007,0.7536466774716369
1687183549,0.0,0.2777852348993289,0.042281879194630875,0.6799328859060403
1687953324,0.0,0.18230983949755758,0.006629448709002094,0.8110607117934403
1688003786,0.0,0.2734966592427617,0.04365256124721604,0.6828507795100223
1688370956,0.0,0.06999791362403505,0.011266430210723972,0.918735656165241
1689654828,0.0,0.2161078717201166,0.021137026239067054,0.7627551020408163
1690116360,0.0,0.1083781706379708,0.008070714834742506,0.8835511145272867
1690487623,0.0,0.23003701745108407,0.010312004230565839,0.75965097831835
1690488360,0.0,0.6902017291066282,0.018731988472622477,0.2910662824207493
1690617488,0.0,0.125,0.00710075026795284,0.8678992497320471
1690967822,0.0,0.14790250373072458,0.004808489471066158,0.8472890067982093
1691000604,0.0,0.0558089294287086,0.0021603456553048487,0.9420307249159866
1691352906,0.0,0.2885460074332695,0.004167135938731839,0.7072868566279986
1691736218,0.0,0.0861948142957253,0.002803083391730904,0.9110021023125437
1692501152,0.0,0.11166933089746517,0.009362868234756794,0.878967800867778
1693147064,0.0,0.511990407673861,0.02877697841726619,0.4592326139088729
1693697522,0.0,0.12095032397408208,0.008639308855291577,0.8704103671706264
1693771508,0.0,0.6476323119777159,0.04317548746518106,0.30919220055710306
1694026190,0.0,0.14777195281782438,0.0063892529488859765,0.8458387942332897
1694169506,0.0,0.5190114068441065,0.03136882129277566,0.44961977186311786
1695671640,0.0,0.3700137551581843,0.02269601100412655,0.6072902338376891
1695830984,0.0,0.3005607476635514,0.007476635514018692,0.6919626168224299
1699979024,0.0,0.1184957426679281,0.004730368968779565,0.8767738883632923
1701191796,0.0,0.5444845095297667,0.28773272499816027,0.167782765472073
1701582961,0.0,0.4727104532839963,0.03330249768732655,0.4939870490286771
1701955429,0.0,0.06327958624885914,0.0025859446303620323,0.9341344691207788
1704305011,0.0,0.4462457337883959,0.023890784982935155,0.5298634812286689
1705499846,0.0,0.3755717641241192,0.0037087402645568056,0.620719495611324
1705506013,0.0,0.2484629294755877,0.0045207956600361665,0.7470162748643762
1706049002,0.0,0.8080593849416755,0.012725344644750796,0.1792152704135737
1706434206,0.0,0.23506800709639267,0.009166173861620342,0.755765819041987
1706456846,0.0,0.5963734049697784,0.01175285426460712,0.3918737407656145
1706657124,0.0,0.3409090909090909,0.05032467532467533,0.6087662337662337
1706927250,0.0,0.30905468231126854,0.014168696037192827,0.6767766216515386
1707207540,0.0,0.5050100200400801,0.036072144288577156,0.4589178356713427
1707253939,0.0,0.3296296296296296,0.01037037037037037,0.66
1708066932,0.0,0.41897308646688297,0.0026722656995609847,0.5783546478335561
1708210225,0.0,0.5351270553064275,0.04633781763826607,0.41853512705530643
1708354368,0.0,0.24245224892174985,0.009242144177449169,0.748305606900801
1708460000,0.0,0.2568493150684932,0.023972602739726026,0.7191780821917808
1708580652,0.0,0.548621190130624,0.05660377358490566,0.39477503628447025
1708751935,0.0,0.20280862181580667,0.012410189418680601,0.7847811887655127
1708875966,0.0,0.0819304152637486,0.00935278713056491,0.9087167976056865
1708997822,0.0,0.08966565349544073,0.006458966565349544,0.9038753799392097
1709314117,0.0,0.2238285144566301,0.013459621136590228,0.7627118644067796
1709331702,0.0,0.3960650128314799,0.004888182818037394,0.5990468043504827
1709486191,0.0,0.16062176165803108,0.02220577350111029,0.8171724648408586
1709985211,0.0,0.4254807692307692,0.11057692307692307,0.4639423076923077
1710592950,0.0,0.39418353311063076,0.00422479858518373,0.6015916683041855
1710729866,0.0,0.1204950855478704,0.008736803785948308,0.8707681106661813
1710804738,0.0,0.1610636277302944,0.0026590693257359924,0.8362773029439696
1711063908,0.0,0.37681159420289856,0.06175173282923756,0.5614366729678639
1711694786,0.0,0.15694032311242995,0.008572370590174745,0.8344873062973953
1711909100,0.0,0.6649214659685864,0.05410122164048865,0.28097731239092494
1712368314,0.0,0.322464949462015,0.0077165525486360175,0.669818497989349
1712379415,0.0,0.16101152368758004,0.01088348271446863,0.8281049935979513
1712463949,0.0,0.5455974842767296,0.06132075471698113,0.39308176100628933
1712920338,0.0,0.2270011947431302,0.012544802867383513,0.7604540023894862
1713086209,0.0,0.16087516087516088,0.005148005148005148,0.833976833976834
1713221156,0.0,0.3281907433380084,0.030855539971949508,0.6409537166900421
1713887731,0.0,0.09356508875739646,0.006656804733727811,0.8997781065088757
1714012423,0.0,0.44080604534005036,0.04030226700251889,0.5188916876574308
1715190968,0.0,0.10684624017957352,0.009427609427609427,0.8837261503928171
1715424829,0.0,0.14598972738048202,0.0035559067562228367,0.8504543658632951
1716228906,0.0,0.11224987798926306,0.014153245485602733,0.8735968765251342
1716561367,0.0,0.08423674186932317,0.012452387928508644,0.9033108702021682
1718000594,0.0,0.2774643553184942,0.006667350497486922,0.7158682941840189
1719540354,0.0,0.3603002502085071,0.010008340283569641,0.6296914095079232
1720117201,0.0,0.22453169104439313,0.010520913523222993,0.7649473954323839
1720981580,0.0,0.12372748629600626,0.006851996867658575,0.8694205168363351
1723204580,0.0,0.32943076301978197,0.009285425918449738,0.6612838110617683
1723229659,0.0,0.18009950248756218,0.015920398009950248,0.8039800995024876
1724391738,0.0,0.055738605161998904,0.0019220208676551346,0.942339373970346
1727482238,0.0,0.311921032649962,0.0016704631738800305,0.686408504176158
1768259989,0.0,0.03993390250619664,0.008262186725419994,0.9518039107683833
1785315740,0.0,0.3927341058565612,0.011901033510804886,0.5953648606326339
1833223908,0.0,0.21389144434222632,0.008509659613615455,0.7775988960441582
1850866398,0.0,0.2766453115899825,0.025043680838672103,0.6983110075713453
1854283730,0.0,0.7418844022169437,0.02058590657165479,0.2375296912114014
1856828959,0.0,0.08302671572548392,0.006558950567909135,0.910414333706607
1859674386,0.0,0.0987698986975398,0.015014471780028944,0.8862156295224313
1863956756,0.0,0.3961566888396157,0.07169253510716925,0.532150776053215
1868496344,0.0,0.07604513977943063,0.013849705052577583,0.9101051551679918
1868810166,0.0,0.33647058823529413,0.012705882352941176,0.6508235294117647
1868981054,0.0,0.2881505439576595,0.007056748015289621,0.7047927080270509
1873206768,0.0,0.06306306306306306,0.011859961227049834,0.9250769757098871
1877492857,0.0,0.03999548073663993,0.001920686928030731,0.9580838323353293
1882324014,0.0,0.40277008310249307,0.012742382271468145,0.5844875346260388
189295762,0.0,0.28160919540229884,0.4521072796934866,0.2662835249042146
1896079105,0.0,0.7280701754385965,0.09649122807017543,0.17543859649122806
189659120,0.0,0.6556962025316456,0.26582278481012656,0.07848101265822785
1903866937,0.0,0.22700707474623194,0.00984312519224854,0.7631498000615196
1905201950,0.0,0.3893805309734513,0.0855457227138643,0.5250737463126843
1905259790,0.0,0.20153550863723607,0.01055662188099808,0.7879078694817658
1906258015,0.0,0.42514395393474086,0.009117082533589251,0.5657389635316699
1906315748,0.0,0.2543990456307784,0.00864897107068297,0.7369519832985386
1914760610,0.0,0.0921286249753403,0.013809429867824028,0.8940619451568357
1924473979,0.0,0.1807534029756252,0.011712567268122824,0.807534029756252
1924988426,0.0,0.345522990051089,0.004974455498789997,0.649502554450121
1926665941,0.0,0.5988620199146515,0.03556187766714083,0.3655761024182077
1928582678,0.0,0.12290076335877863,0.008396946564885497,0.8687022900763359
1929918234,0.0,0.09640397857689365,0.0076511094108645756,0.8959449120122418
1932597397,0.0,0.36585365853658536,0.019255455712451863,0.6148908857509627
1933927273,0.0,0.11995863495346432,0.007583591864874182,0.8724577731816615
1936667028,0.0,0.38761829652996843,0.0027602523659305996,0.6096214511041009
1940783298,0.0,0.5473833097595474,0.04384724186704385,0.4087694483734088
1941382566,0.0,0.6610169491525424,0.030508474576271188,0.30847457627118646
1944602784,0.0,0.097712291585886,0.010856921287320668,0.8914307871267934
1945613815,0.0,0.1267656646142702,0.012676566461427018,0.8605577689243028
1947507199,0.0,0.15239701954168425,0.005482918599746942,0.8421200618585688
1947775470,0.0,0.7152575315840622,0.024295432458697766,0.26044703595724006
1948904786,0.0,0.7593688362919132,0.046351084812623275,0.1942800788954635
1949085066,0.0,0.366489496330043,0.00240445456846368,0.6311060491014933
1961616968,0.0,0.045314562252529694,0.007919049714034315,0.9467663880334359
1964877080,0.0,0.13427158615443135,0.008368200836820083,0.8573602130087485
1965622364,0.0,0.3545406546990496,0.009239704329461458,0.6362196409714889
1966460718,0.0,0.8191313908741067,0.018691588785046728,0.1621770203408466
201334945,0.0,0.6420884814667198,0.2900225853593729,0.06788893317390726
2176656954,0.0,0.34738846572361265,0.007889009793253536,0.6447225244831338
2178414978,0.0,0.5362318840579711,0.053830227743271224,0.40993788819875776
2178942596,0.0,0.10660091047040972,0.00417298937784522,0.8892261001517451
2179312662,0.0,0.3684971098265896,0.004128819157720892,0.6273740710156895
2179953883,0.0,0.19453697534976683,0.01698867421718854,0.7884743504330446
2180102905,0.0,0.31626078409959596,0.002839357868297477,0.6808998580321066
2183382799,0.0,0.36779431664411366,0.0037889039242219214,0.6284167794316644
2183550654,0.0,0.4342177493138152,0.003751143641354071,0.5620311070448307
2184946609,0.0,0.3679839249832552,0.004420629604822505,0.6275954454119224
2185479560,0.0,0.0901386748844376,0.00963020030816641,0.900231124807396
2186395434,0.0,0.45757250268528465,0.5368779090583602,0.0055495882563551735
2186414544,0.0,0.6521060842433697,0.0452418096723869,0.30265210608424337
2186650831,0.0,0.7785557986870897,0.022319474835886213,0.19912472647702406
2188511652,0.0,0.851497375733251,0.03334362457548626,0.11515899969126274
2188943372,0.0,0.3532049591136903,0.013452914798206279,0.6333421260881034
2188946905,0.0,0.15367727771679474,0.010611050128064398,0.8357116721551409
2189293202,0.0,0.4832565927166178,0.002092925910422771,0.5146504813729594
2189501756,0.0,0.2309346005883684,0.7329712604661688,0.036094138945462775
2190017534,0.0,0.31390134529147984,0.01289237668161435,0.6732062780269058
2190406878,0.0,0.3802414643645333,0.004154225626379333,0.6156043100090873
2190416905,0.0,0.1576338400528751,0.010575016523463317,0.8317911434236616
2190676352,0.0,0.10512129380053908,0.009626492106276472,0.8852522140931844
2191512595,0.0,0.14924845269672857,0.007073386383731211,0.8436781609195402
2195152184,0.0,0.46581352833638023,0.010968921389396709,0.523217550274223
2196039680,0.0,0.21984251968503937,0.008503937007874015,0.7716535433070866
2196634009,0.0,0.40010698047606313,0.0020058839261834715,0.5978871355977534
2199441192,0.0,0.20890069744271006,0.01693789438724676,0.7741614081700432
2200767720,0.0,0.4871060171919771,0.044412607449856735,0.4684813753581662
2200880839,0.0,0.7230927305419984,0.09247367069098382,0.18443359876701773
2201407177,0.0,0.1962822936357908,0.00945179584120983,0.7942659105229993
2203008679,0.0,0.1435678749111585,0.0042643923240938165,0.8521677327647477
2209025676,0.0,0.427675855075136,0.0024891675117544023,0.5698349774131096
2210156491,0.0,0.19311776920795015,0.010679323642835954,0.7962029071492139
2210240563,0.0,0.14540059347181009,0.007789317507418398,0.8468100890207715
2211802500,0.0,0.08395855662736691,0.006430868167202572,0.9096105752054305
2212451119,0.0,0.4180684625338196,0.0038818962475002943,0.5780496412186802
2218356331,0.0,0.3167576308874065,0.0030321406913280777,0.6802102284212654
2232631166,0.0,0.4392966511903586,0.003951397806974217,0.5567519510026672
2233087428,0.0,0.2964426877470356,0.012704686617730096,0.6908526256352343
2233154604,0.0,0.5951417004048583,0.06072874493927125,0.3441295546558704
2233297178,0.0,0.2705649157581764,0.009250082590023126,0.7201850016518004
2233323512,0.0,0.10296812019054599,0.008061561011359472,0.8889703187980945
2233326888,0.0,0.21571601941747573,0.008798543689320388,0.7754854368932039
2233421790,0.0,0.11269667032564946,0.007683863885839737,0.8796194657885108
2233551757,0.0,0.5714285714285714,0.029804727646454265,0.3987667009249743
2233614560,0.0,0.08270676691729323,0.007142857142857143,0.9101503759398496
2233641673,0.0,0.4343220338983051,0.07415254237288135,0.4915254237288136
2233665668,0.0,0.48705882352941177,0.05411764705882353,0.4588235294117647
2233847010,0.0,0.35648464163822524,0.0034129692832764505,0.6401023890784983
2233895016,0.0,0.4803651029505413,0.009339842920823604,0.5102950541286351
2233907053,0.0,0.1001120657452372,0.011206574523720583,0.8886813597310422
2233929553,0.0,0.5582278481012658,0.02531645569620253,0.41645569620253164
2234176033,0.0,0.6024734982332155,0.07243816254416961,0.3250883392226148
2234468106,0.0,0.44173913043478263,0.09217391304347826,0.46608695652173915
2234501940,0.0,0.4169425033713375,0.003187446365085203,0.5798700502635773
2234808302,0.0,0.21037660712253953,0.0020480145636591193,0.7875753783138013
2234854862,0.0,0.23450219160926739,0.00939261114589856,0.756105197244834
2235930822,0.0,0.3811382782001233,0.00698582288884323,0.6118758989110334
2236258532,0.0,0.06788408098451766,0.006351726875744343,0.925764192139738
2236383523,0.0,0.8362486043915147,0.06289542240416822,0.10085597320431708
2237122471,0.0,0.15901870808330393,0.005471231909636428,0.8355100600070596
2237336431,0.0,0.7755351681957187,0.06972477064220184,0.1547400611620795
2237714168,0.0,0.6425531914893617,0.03829787234042553,0.3191489361702128
2237850157,0.0,0.8401682439537329,0.03995793901156677,0.11987381703470032
2238563846,0.0,0.4779582366589327,0.08584686774941995,0.4361948955916473
2240682876,0.0,0.10965568862275449,0.011601796407185628,0.8787425149700598
2240770651,0.0,0.42056777589772515,0.0035721000188005266,0.5758601240834743
2241135968,0.0,0.8056451612903226,0.05604838709677419,0.13830645161290323
2241291349,0.0,0.12359550561797752,0.012597889002383384,0.863806605379639
2241326438,0.0,0.5053050397877984,0.04907161803713528,0.44562334217506633
2241472909,0.0,0.6198630136986302,0.023972602739726026,0.3561643835616438
2241496393,0.0,0.23741007194244604,0.013788968824940047,0.7488009592326139
2241506929,0.0,0.17143854748603352,0.009078212290502794,0.8194832402234636
2242207597,0.0,0.1936827490454703,0.00971884762235335,0.7965984033321764
2243059742,0.0,0.15742614326183732,0.005261027923917442,0.8373128288142453
2243065980,0.0,0.3836167726859665,0.0037647669739062704,0.6126184603401272
2243283066,0.0,0.6324324324324324,0.036036036036036036,0.33153153153153153
2243468839,0.0,0.08367729831144466,0.012382739212007506,0.9039399624765478
2244426787,0.0,0.07232323232323232,0.0048484848484848485,0.9228282828282828
2245007149,0.0,0.16678035470668487,0.01432469304229195,0.8188949522510232
2245087412,0.0,0.5,0.052346570397111915,0.44765342960288806
2245268377,0.0,0.8758689175769613,0.031777557100297914,0.09235352532274081
2245367568,0.0,0.40777610818933135,0.0034748309541697974,0.5887490608564989
2246294448,0.0,0.5697335148803735,0.0033067496595992995,0.42695973546002725
2246302448,0.0,0.16076150185087257,0.00722721664022563,0.8320112815089018
2246340168,0.0,0.20405654578979718,0.011677934849416103,0.7842655193607867
2246787642,0.0,0.1111111111111111,0.010238907849829351,0.8786499810390596
2246989784,0.0,0.1413388029088197,0.008390826030206973,0.8502703710609734
2247003283,0.0,0.16889588250721216,0.005376344086021506,0.8257277734067663
2247666253,0.0,0.6181277860326895,0.031203566121842496,0.35066864784546803
2247855296,0.0,0.4309179650835367,0.0010324760653275765,0.5680495588511357
2247893282,0.0,0.43294685990338166,0.003864734299516908,0.5631884057971015
2248162574,0.0,0.464280559965363,0.004329629095107519,0.5313898109395295
2248265466,0.0,0.485373473445044,0.005112184038625391,0.5095143425163305
2248323800,0.0,0.2512272596015016,0.014727115218019058,0.7340456251804793
2248404972,0.0,0.39443155452436196,0.048723897911832945,0.5568445475638051
2248562084,0.0,0.24849246231155778,0.0033919597989949747,0.7481155778894473
2248849999,0.0,0.190216702572551,0.00506906602458497,0.804714231402864
2249008069,0.0,0.6862068965517242,0.04655172413793104,0.2672413793103448
2249480526,0.0,0.3406495183235674,0.002085609295858576,0.6572648723805741
2250517044,0.0,0.44288686890811524,0.002737925747453729,0.5543752053444311
2250561409,0.0,0.45706156233833417,0.006983962752198655,0.5359544749094671
2251023158,0.0,0.544531528322052,0.003562522265764161,0.4519059494121838
2252166150,0.0,0.0865849126718692,0.00929022668153103,0.9041248606465998
2253394196,0.0,0.3956923076923077,0.0012307692307692308,0.6030769230769231
2253415562,0.0,0.47123893805309736,0.084070796460177,0.4446902654867257
2253648366,0.0,0.3724696356275304,0.0025303643724696357,0.625
2254284668,0.0,0.19054008721905402,0.0057027843005702785,0.8037571284803757
2254545362,0.0,0.07376104494813676,0.012293507491356128,0.9139454475605071
2254677133,0.0,0.3457134878525552,0.005585032113934655,0.6487014800335102
2254778414,0.0,0.4792176039119804,0.06356968215158924,0.4572127139364303
2254995744,0.0,0.14778694673668416,0.009377344336084021,0.8428357089272318
2255393400,0.0,0.7039337474120083,0.07401656314699794,0.2220496894409938
2255484932,0.0,0.42311298640412565,0.006329113924050633,0.5705578996718237
2255554830,0.0,0.4597495527728086,0.0626118067978533,0.4776386404293381
2255608604,0.0,0.12176449143273788,0.010572366022602989,0.8676631425446591
2256083366,0.0,0.4033057851239669,0.005371900826446281,0.5913223140495868
2256114786,0.0,0.794750656167979,0.009448818897637795,0.1958005249343832
2256124964,0.0,0.48762841846331934,0.5075965851541021,0.004774996382578498
2256180673,0.0,0.8799240626483151,0.0170859041290935,0.10299003322259136
2256210373,0.0,0.71746981735631,0.0020637705087194302,0.2804664121349706
2256300876,0.0,0.7035527082119977,0.0937682003494467,0.20267909143855561
2256702913,0.0,0.697291618024749,0.0046696240952603316,0.2980387578799907
2256974472,0.0,0.3886787530976914,0.004173731576887961,0.6071475153254207
2257033452,0.0,0.15320167564332735,0.009874326750448833,0.8369239976062238
2257082094,0.0,0.1276175424733307,0.005136309758988542,0.8672461477676807
2257188913,0.0,0.20760905214824532,0.0065595277140045915,0.7858314201377501
2257312866,0.0,0.1370663002404672,0.015458605290278255,0.8474750944692545
2257336208,0.0,0.3730053777660231,0.0016750418760469012,0.62531958035793
2257531735,0.0,0.18449290411907235,0.01176877812391831,0.8037383177570093
2257619083,0.0,0.6280664945125888,0.0013718528082633957,0.3705616526791478
2257619514,0.0,0.111284046692607,0.005447470817120622,0.8832684824902723
2258128272,0.0,0.21589793915603533,0.003598298985933922,0.7805037618580307
2258141400,0.0,0.13933333333333334,0.0056,0.8550666666666666
2258418752,0.0,0.2968169332687025,0.005332040717401842,0.6978510260138956
2258451828,0.0,0.4772370486656201,0.06436420722135008,0.45839874411302983
2258452896,0.0,0.09039759939984997,0.0086271567891973,0.9009752438109527
2258490860,0.0,0.6219794769943727,0.014895729890764648,0.3631247931148626
2258612881,0.0,0.3887088856161021,0.003436426116838488,0.6078546882670594
2259043658,0.0,0.6231884057971014,0.003421900161030596,0.37338969404186795
2259079032,0.0,0.8012307692307692,0.022153846153846152,0.17661538461538462
2259273350,0.0,0.7127894156560088,0.07883131201764057,0.20837927232635062
2259514543,0.0,0.40618955512572535,0.0038684719535783366,0.5899419729206963
2259566653,0.0,0.3381893860561915,0.013267429760665974,0.6485431841831426
2259579446,0.0,0.4109224790345674,0.0025567600736346903,0.5865207608917979
2259604142,0.0,0.1281298904538341,0.006455399061032864,0.865414710485133
2259616507,0.0,0.27172312223858613,0.012150220913107511,0.7161266568483063
2259654865,0.0,0.2922206506364922,0.009900990099009901,0.6978783592644979
2260078478,0.0,0.33584702396983573,0.005655803932130353,0.6584971720980339
2260102039,0.0,0.41592039800995023,0.022885572139303482,0.5611940298507463
2260107775,0.0,0.3155291790306627,0.01483679525222552,0.6696340257171117
2260136084,0.0,0.4855595667870036,0.006543321299638989,0.5078971119133574
2260213177,0.0,0.5193308550185873,0.008736059479553903,0.47193308550185875
2260238185,0.0,0.27553723874006475,0.010891963497203415,0.7135707977627318
2260440205,0.0,0.07382282521947327,0.004389465283320032,0.9217877094972067
2260506115,0.0,0.670549084858569,0.03494176372712146,0.2945091514143095
2260562516,0.0,0.5005454725776058,0.0017851829812555787,0.49766934444113853
2260577972,0.0,0.5753029428736296,0.022504327755337564,0.4021927293710329
2260605925,0.0,0.2786028602860286,0.007975797579757976,0.7134213421342134
2260672646,0.0,0.29920508744038155,0.0012718600953895071,0.699523052464229
2260693184,0.0,0.6173913043478261,0.020869565217391306,0.3617391304347826
2261087882,0.0,0.7403846153846154,0.04363905325443787,0.21597633136094674
2261175086,0.0,0.7453126693399805,0.0019507965752682346,0.2527365340847513
2261255154,0.0,0.2651195499296765,0.01420534458509142,0.7206751054852321
2261699048,0.0,0.12642045454545456,0.010298295454545454,0.86328125
2261721350,0.0,0.6811797752808989,0.03651685393258427,0.28230337078651685
2261910529,0.0,0.12859813084112148,0.012710280373831775,0.8586915887850467
2262049316,0.0,0.8025162689804772,0.0021691973969631237,0.19531453362255966
2262297098,0.0,0.49037721324095457,0.01077752117013087,0.49884526558891457
2262426096,0.0,0.06897910918407568,0.005124162396531336,0.925896728419393
2265992510,0.0,0.22378544735106617,0.005935370411079358,0.7702791822378545
2267174622,0.0,0.16119402985074627,0.008291873963515755,0.830514096185738
2267263056,0.0,0.19548633184996822,0.012714558169103624,0.7917991099809282
2267314411,0.0,0.12096774193548387,0.006311360448807854,0.8727208976157083
2267601338,0.0,0.6756756756756757,0.01880141010575793,0.30552291421856637
2267612060,0.0,0.23828956706884316,0.006564939673527325,0.7551454932576295
2267895036,0.0,0.1426459719142646,0.008869179600886918,0.8484848484848485
2268054415,0.0,0.4294513516596327,0.00239534618455572,0.5681533021558116
2268102919,0.0,0.17347580138277813,0.02011313639220616,0.8064110622250157
2268203311,0.0,0.22523076923076923,0.012,0.7627692307692308
2268230424,0.0,0.3694331983805668,0.03744939271255061,0.5931174089068826
2268977700,0.0,0.6221122112211221,0.07095709570957096,0.3069306930693069
2269325684,0.0,0.4157361057630599,0.0030804774740084712,0.5811834167629316
2269840387,0.0,0.508130081300813,0.052845528455284556,0.43902439024390244
2274348386,0.0,0.5185601799775028,0.003988137846405563,0.47745168217609163
2274439328,0.0,0.12809508088478044,0.022449653350940905,0.8494552657642787
2274801836,0.0,0.10620479634564142,0.007613247049866768,0.8861819566044918
2274917514,0.0,0.7220496894409938,0.024844720496894408,0.2531055900621118
2275122620,0.0,0.24368686868686867,0.003787878787878788,0.7525252525252525
2276566356,0.0,0.7429558458382813,0.00388642988232754,0.25315772427939115
2276624017,0.0,0.4310703873386089,0.00299875052061641,0.5659308621407747
2276657636,0.0,0.2974474898747292,0.0014128284826222096,0.7011396816426486
2282773795,0.0,0.45220030349013657,0.07283763277693475,0.47496206373292865
2295812532,0.0,0.7863154043175997,0.02561287961946579,0.1880717160629345
2315666487,0.0,0.23591127098321343,0.013189448441247002,0.7508992805755396
2315950683,0.0,0.2138291690877397,0.011040092969203951,0.7751307379430563
2316017272,0.0,0.48303121166689383,0.0024533187951478806,0.5145154695379583
2316333755,0.0,0.17315401525927843,0.009440062071641019,0.8174059226690805
2316511905,0.0,0.705787037037037,0.0038194444444444443,0.2903935185185185
2329889815,0.0,0.9177575850916372,0.0304943785615278,0.05174803634683505
2347134890,0.0,0.28994082840236685,0.6449704142011834,0.0650887573964497
2351739462,0.0,0.7945176241005001,0.12144773752896695,0.08403463837053299
2382322643,0.0,0.28349968146103205,0.006370779358674878,0.7101295391802931
2385425377,0.0,0.1209516193522591,0.003998400639744102,0.8750499800079968
2388377392,0.0,0.12033195020746888,0.01093926820067899,0.8687287815918522
2388391757,0.0,0.19794459338695264,0.007596067917783735,0.7944593386952636
2388865209,0.0,0.6954887218045113,0.08270676691729323,0.22180451127819548
2389004865,0.0,0.143583945732052,0.008479366873940079,0.847936687394008
2390249501,0.0,0.18796747967479674,0.012032520325203253,0.8
2391045519,0.0,0.40892263882297103,0.0031324157570004744,0.5879449454200285
2391366083,0.0,0.13250819075354933,0.0072806698216235895,0.8602111394248271
2391428943,0.0,0.17459190915542938,0.008161816891412349,0.8172462739531583
2393269114,0.0,0.2691600908009945,0.003134796238244514,0.727705112960761
2394262007,0.0,0.5178482151784821,0.0010998900109989002,0.48105189481051897
2394887523,0.0,0.49760765550239233,0.09808612440191387,0.4043062200956938
2396059331,0.0,0.5602968460111317,0.05194805194805195,0.3877551020408163
2396092629,0.0,0.23640399556048836,0.007491675915649278,0.7561043285238623
2396328045,0.0,0.5919117647058824,0.05698529411764706,0.35110294117647056
2396401012,0.0,0.470703125,0.072265625,0.45703125
2396463483,0.0,0.5103708359522313,0.006075843285145611,0.4835533207626231
2396599491,0.0,0.09405940594059406,0.00913937547600914,0.8968012185833968
2396650204,0.0,0.18625204582651392,0.009819967266775777,0.8039279869067103
2396691185,0.0,0.33782789899485166,0.01078695758764403,0.6513851434175043
2396703045,0.0,0.11398963730569948,0.009252405625462621,0.8767579570688379
2397190684,0.0,0.15972720746590094,0.011844938980617373,0.8284278535534817
2397502475,0.0,0.33663366336633666,0.005703831252690486,0.6576625053809729
2398051768,0.0,0.3770388165381211,0.0022758882286003286,0.6206852952332785
2398644455,0.0,0.7294213528932355,0.015484922575387123,0.25509372453137735
2398656635,0.0,0.5413043478260869,0.0391304347826087,0.41956521739130437
2398683843,0.0,0.3801986038737587,0.0027529249827942187,0.6170484711434471
2398712972,0.0,0.27563722584469474,0.009187907528156491,0.7151748666271488
2398817007,0.0,0.2155534043239755,0.007744433688286544,0.776702161987738
2398930948,0.0,0.4452937135005153,0.004294057025077293,0.5504122294744074
2399262052,0.0,0.39466403162055336,0.00691699604743083,0.5984189723320158
2399308613,0.0,0.16642958748221906,0.010312944523470839,0.8232574679943101
2399314673,0.0,0.20118343195266272,0.014792899408284023,0.7840236686390533
2399639001,0.0,0.32465483234714004,0.0022682445759368837,0.6730769230769231
2399649227,0.0,0.492234606248858,0.004750593824228029,0.5030147999269139
2400031571,0.0,0.11452616172703989,0.006952067325283571,0.8785217709476766
2400066623,0.0,0.6220472440944882,0.025590551181102362,0.35236220472440943
2400195275,0.0,0.6488456865127582,0.02551640340218712,0.32563791008505466
2400303112,0.0,0.13527272727272727,0.007272727272727273,0.8574545454545455
2400346960,0.0,0.425661437602435,0.0067899789276516034,0.5675485834699133
2401203119,0.0,0.18439050556524073,0.005364087434625185,0.8102454070001341
2401587185,0.0,0.10321100917431193,0.006498470948012232,0.8902905198776758
2401757872,0.0,0.08814352574102964,0.0093603744149766,0.9024960998439937
2401769518,0.0,0.26232308443143,0.008296730112249878,0.7293801854563201
2401770593,0.0,0.34731543624161076,0.028523489932885907,0.6241610738255033
2401919117,0.0,0.10896445131375579,0.006955177743431221,0.884080370942813
